p1 = 0.499483;
p2 = 0.499836;
p3 = 0.499918;
p4 = 0.500249;
p5 = 0.500331;
p6 = 0.499039;
p7 = 0.499337;
p8 = 0.500196;
p9 = 0.499107;
p10 = 0.499325;
